0.076828
0.244755
0.601988
0.620380
0.719679
0.652665
0.343813
0.468127
0.804524
0.627999
0.786410
0.196644
0.988709
0.232655
0.231780
0.521806
0.987479
0.560201
0.291245
0.957840
0.408768
0.170809
0.780866
0.014240
0.328603
0.833878
0.985921
0.379289
0.714668
0.433137
0.731756
0.618407
0.569496
0.517276
0.858170
0.269738
0.485948
0.326633
0.717332
0.199946
0.485321
0.794547
0.948148
0.516972
0.747090
0.333351
0.629841
0.730129
0.278035
0.932681
0.575301
0.081413
0.316648
0.909042
0.263866
0.796825
0.231874
0.102200
0.676114
0.454122
0.429685
0.711625
0.275182
0.984250
0.290873
0.696063
0.734466
0.175390
0.772766
0.873560
0.930092
0.048025
0.151196
0.155833
0.079634
0.406464
0.444877
0.047532
0.873300
0.558078
0.619585
0.372480
0.267237
0.448867
0.112043
0.099100
0.566207
0.239293
0.804390
0.388046
0.882217
0.419799
0.569052
0.052704
0.798898
0.070377
0.832323
0.853072
0.576270
0.362249
0.326584
0.902959
0.035400
0.973520
0.955070
0.853259
0.718839
0.519549
0.065237
0.442331
0.260842
0.969362
0.062086
0.476211
0.680453
0.366214
0.955424
0.814706
0.762058
0.916334
0.833175
0.173042
0.319537
0.465112
0.142166
0.379390
0.410298
0.884165
0.158441
0.921389
0.788085
0.338749
0.356541
0.383836
0.128051
0.150696
0.743433
0.873452
0.113349
0.049725
0.732150
0.242059
0.288046
0.191583
0.931071
0.501941
0.119317
0.361451
0.898836
0.730615
0.450478
0.190278
0.009238
0.263520
0.988532
0.251630
0.145965
0.232608
0.445480
0.183306
0.831969
0.898747
0.232437
0.566308
0.930267
0.990434
0.229564
0.288370
0.641882
0.109809
0.559528
0.988489
0.531119
0.514113
0.695436
0.197035
0.565896
0.011357
0.877289
0.588873
0.180593
0.232880
0.022176
0.719519
0.956677
0.864243
0.324764
0.300329
0.633892
0.820700
0.502473
0.065366
0.603254
0.896451
0.643662
0.032711
0.772599
0.063471
0.761108
0.934669
0.986729
0.948171
0.907946
0.848834
0.352827
0.955831
0.650241
0.603147
0.093529
0.941097
0.012663
0.834958
0.138825
0.228149
0.501655
0.316227
0.831640
0.378973
0.392753
0.000275
0.623874
0.445999
0.913590
0.708491
0.613234
0.619997
0.288572
0.026779
0.071643
0.105772
0.711896
0.828532
0.143241
0.444904
0.508216
0.582124
0.754159
0.142301
0.650376
0.861822
0.636111
0.125872
0.523436
0.394141
0.322081
0.210299
0.501214
0.900359
0.332023
0.311532
0.918899
0.937232
0.065828
0.366950
0.329986
0.078437
0.294378
0.609974
0.824635
0.644035
0.302885
0.586947
0.823401
0.900799
0.734594
0.328447
0.212897
0.164512
0.957334
0.913339
0.480233
0.270887
0.799838
0.885599
0.264629
0.619556
0.875505
0.617690
0.510908
0.828665
0.379524
0.657875
0.906164
0.894869
0.066275
0.883325
0.037879
0.629425
0.753226
0.469879
0.256552
0.870046
0.867183
0.741445
0.468427
0.844502
0.543581
0.968165
0.956699
0.237654
0.255711
0.741462
0.748986
0.211131
0.483171
0.658095
0.596626
0.486566
0.711113
0.683832
0.166543
0.082065
0.265645
0.696201
0.042353
0.827584
0.203807
0.376363
0.529663
0.046644
0.949893
0.856731
0.079565
0.255777
0.838500
0.663826
0.920354
0.389463
0.707297
0.543692
0.824510
0.536206
0.019631
0.939152
0.335271
0.897351
0.770696
0.084230
0.651891
0.339307
0.727828
0.599821
0.185242
0.360011
0.700743
0.384202
0.289759
0.982839
0.569202
0.580966
0.292130
0.836081
0.005540
0.112514
0.027658
0.843250
0.500180
0.531086
0.967277
0.018641
0.297568
0.222528
0.031712
0.979981
0.534493
0.223961
0.113708
0.094844
0.045863
0.815344
0.484544
0.736829
0.882427
0.951683
0.942085
0.622504
0.430432
0.269277
0.733929
0.147477
0.645698
0.244275
0.536665
0.720489
0.255787
0.014914
0.657108
0.019922
0.822087
0.813596
0.102711
0.257204
0.825789
0.039915
0.851720
0.855600
0.061793
0.560563
0.374173
0.730607
0.311365
0.106094
0.124636
0.757426
0.050887
0.252093
0.927912
0.412266
0.951866
0.017081
0.082541
0.272733
0.823410
0.047043
0.649704
0.569498
0.549262
0.453111
0.428690
0.989037
0.746332
0.603527
0.471292
0.005419
0.078957
0.038013
0.889963
0.601802
0.488721
0.926056
0.227831
0.162725
0.920214
0.037788
0.101178
0.500873
0.174219
0.103941
0.944364
0.925828
0.386282
0.234028
0.314631
0.996484
0.900996
0.041142
0.465484
0.394261
0.341448
0.721934
0.542052
0.266048
0.467387
0.379748
0.417819
0.290344
0.803758
0.762654
0.919522
0.410175
0.803947
0.940504
0.049171
0.417620
0.938114
0.880652
0.113024
0.601766
0.883210
0.110463
0.555264
0.319318
0.784590
0.603460
0.353311
0.095458
0.369893
0.783968
0.155633
0.719954
0.259384
0.458981
0.094850
0.151926
0.415449
0.447871
0.363417
0.944028
0.286576
0.490724
0.597147
0.255324
0.227403
0.954083
0.278151
0.888068
0.765517
0.048743
0.217509
0.672240
0.340733
0.706007
0.865924
0.592013
0.957394
0.914175
0.532580
0.079489
0.978709
0.159919
0.765377
0.685077
0.095498
0.042068
0.038441
0.074335
0.345184
0.506336
0.987658
0.568759
0.126999
0.466560
0.481932
0.822844
0.538560
0.576293
0.751009
0.203135
0.086129
0.563403
0.120504
0.314732
0.700480
0.965920
0.209916
0.065457
0.141026
0.230292
0.510999
0.362532
0.076009
0.478156
0.369569
0.347428
0.220326
0.016523
0.697144
0.894116
0.409823
0.891540
0.113065
0.275335
0.551409
0.526913
0.820218
0.398839
0.288002
0.451310
0.166303
0.061330
0.779289
0.506765
0.206278
0.921501
0.673504
0.581140
0.212290
0.952517
0.952147
0.732437
0.073746
0.456934
0.693293
0.176515
0.683630
0.762589
0.825717
0.820441
0.159723
0.456716
0.032838
0.900698
0.029596
0.426687
0.326641
0.857322
0.016362
0.997719
0.669457
0.555723
0.039938
0.234140
0.186542
0.204652
0.581959
0.979695
0.733329
0.052447
0.472755
0.584914
0.656400
0.112899
0.494281
0.387619
0.709303
0.247739
0.757628
0.454896
0.429206
0.662353
0.159295
0.266874
0.344542
0.714962
0.371552
0.681461
0.309896
0.426789
0.045781
0.447866
0.281435
0.085698
0.320826
0.130592
0.860335
0.657847
0.435048
0.846174
0.648300
0.979983
0.581256
0.162245
0.855508
0.529382
0.330106
0.096482
0.576126
0.953512
0.678452
0.741737
0.366998
0.135327
0.448375
0.837637
0.167199
0.106132
0.763268
0.240938
0.445178
0.102858
0.734485
0.481870
0.792549
0.377978
0.669258
0.213042
0.592933
0.423004
0.421946
0.653717
0.018682
0.988887
0.218430
0.161032
0.463434
0.930108
0.326808
0.658748
0.573015
0.655983
0.108228
0.990053
0.823806
0.713380
0.775350
0.315232
0.099982
0.397826
0.265461
0.605192
0.456001
0.016794
0.251504
0.021481
0.036941
0.869560
0.687696
0.099839
0.989699
0.877276
0.381184
0.562309
0.734445
0.823626
0.675340
0.436749
0.441262
0.291772
0.811608
0.688512
0.826070
0.750208
0.737976
0.163157
0.185041
0.989632
0.741506
0.485831
0.362347
0.968651
0.109365
0.099261
0.274999
0.914685
0.118061
0.243856
0.483525
0.602739
0.228214
0.598724
0.757218
0.563284
0.119865
0.573025
0.823178
0.149996
0.986551
0.966575
0.219873
0.400448
0.329368
0.686928
0.206944
0.109797
0.360073
0.747958
0.929483
0.815501
0.122391
0.022171
0.633852
0.144048
0.008386
0.940419
0.630149
0.906638
0.870331
0.649282
0.486908
0.454815
0.082710
0.112054
0.286032
0.346277
0.872414
0.662791
0.533511
0.722382
0.080458
0.252814
0.047358
0.938717
0.017498
0.092370
0.460364
0.331129
0.293402
0.215702
0.305998
0.906578
0.856339
0.481913
0.505759
0.285073
0.226664
0.540914
0.138511
0.954695
0.550777
0.916500
0.620850
0.617801
0.379250
0.055602
0.504460
0.451968
0.232148
0.707666
0.745236
0.183994
0.393066
0.256316
0.903173
0.623885
0.627837
0.062560
0.442547
0.890399
0.933991
0.586307
0.061392
0.814475
0.878465
0.366640
0.115801
0.263229
0.093756
0.756632
0.709752
0.808450
0.627091
0.510034
0.141051
0.648658
0.995002
0.000635
0.677461
0.083599
0.051833
0.164432
0.612631
0.485193
0.640589
0.381170
0.331408
0.975082
0.199805
0.120498
0.204944
0.488388
0.334460
0.265866
0.406651
0.581561
0.288415
0.396751
0.192551
0.204064
0.711013
0.996702
0.565553
0.242759
0.056706
0.062832
0.010556
0.419667
0.336791
0.450157
0.782085
0.503800
0.362567
0.657070
0.369699
0.531110
0.367822
0.991100
0.422352
0.477630
0.526155
0.092178
0.230906
0.841306
0.824463
0.742566
0.298687
0.025850
0.459993
0.102874
0.995447
0.477878
0.696413
0.607976
0.260022
0.188151
0.248616
0.488123
0.881303
0.053639
0.511954
0.408397
0.926931
0.933485
0.088193
0.253355
0.131870
0.347069
0.184473
0.443551
0.760560
0.739374
0.660986
0.187860
0.364148
0.228392
0.577299
0.671705
0.348016
0.104373
0.193773
0.748229
0.484124
0.678226
0.951301
0.511596
0.388103
0.851082
0.140283
0.729913
0.645786
0.719053
0.122849
0.720587
0.910696
0.074830
0.669302
0.966267
0.052739
0.390422
0.827943
0.238180
0.088693
0.656840
0.516511
0.005722
0.177125
0.937050
0.997288
0.425588
0.862076
0.910663
0.514235
0.749076
0.712644
0.402440
0.805974
0.000386
0.479365
0.687888
0.334587
0.399068
0.135414
0.901810
0.720273
0.631583
0.022132
0.966928
0.151431
0.100855
0.069428
0.870012
0.299575
0.963360
0.192434
0.243684
0.599688
0.953177
0.045908
0.574063
0.283878
0.139184
0.260816
0.538747
0.721444
0.315779
0.291544
0.980044
0.602033
0.372877
0.946472
0.348789
0.095347
0.505237
0.511330
0.920804
0.950072
0.866768
0.775961
0.573904
0.596538
0.008869
0.061334
0.842948
0.435134
0.299969
0.581674
0.202213
0.595161
0.873198
0.838124
0.349112
0.524453
0.479645
0.389705
0.765418
0.386062
0.540569
0.343961
0.954807
0.437488
0.862626
